{
  "height": 67,
  "width": 129,
  "x": 1062.1500244140625,
  "y": 1576.1124992370605
}