{
  "height": 46,
  "width": 40,
  "x": 1334.5999755859375,
  "y": 2101.762550354004
}