{
  "height": 48,
  "width": 400,
  "x": 559.6000366210938,
  "y": 391.38751220703125
}