{
  "height": 46,
  "width": 40,
  "x": 1334.5999755859375,
  "y": 1902.4249992370605
}