{
  "height": 40,
  "width": 40,
  "x": 1359.5999755859375,
  "y": 4502.712692260742
}