{
  "height": 46,
  "width": 40,
  "x": 1334.5999755859375,
  "y": 2101.7625484466553
}