{
  "height": 48,
  "width": 400,
  "x": 556.4000244140625,
  "y": 400.45001220703125
}